meta :
  timeStamp : 2026-03-12T23:03:00.193Z
Kp: 0.009803028794430853
VelocityPhaseLag: 10.0
VelocityPhaseMargin: 65.0
Wc: 87.00730872927669
Ki: 0.15039548023316693
