meta :
  timeStamp : 2026-03-18T22:43:23.703Z
CurrentPhaseMargin: 80.0
Kp: 0.6138998464638903
CurrentPhaseLag: 45.0
Wc: 2065.7653960488465
Ki: 1268.173059464804
